Simple Scheme -> error & # below 0.5:
(1.0000000000000001e-05, 2, 0.16560864563518618, 121)
(1.0000000000000001e-05, 4, 0.14114493870911637, 0)
(1.0000000000000001e-05, 8, 0.19956799457883756, 0)
(1.0000000000000001e-05, 16, 0.35856288740759912, 0)
(1.0000000000000001e-05, 32, 0.0045628204041706644, 0)
(1.0000000000000001e-05, 64, 0.0011550125476494921, 0)
(1.0000000000000001e-05, 128, 0.00073744806237041605, 0)
(1.0000000000000001e-05, 256, 0.0013563547043953239, 0)
(0.0001, 2, 47.71952241397392, 0)
(0.0001, 4, 0.3980867514556129, 0)
(0.0001, 8, 0.22910655341848485, 0)
(0.0001, 16, 0.67775648060904858, 0)
(0.0001, 32, 0.050232896023720164, 0)
(0.0001, 64, 0.021107454802125059, 0)
(0.0001, 128, 0.020719447625460297, 0)
(0.0001, 256, 0.018696551704151632, 0)
(0.001, 2, 11.896248466401529, 0)
(0.001, 4, 1.283671510529093, 200)
(0.001, 8, 0.7768418356721748, 176)
(0.001, 16, 1.3233183630748289, 0)
(0.001, 32, 0.65098842766710074, 112)
(0.001, 64, 0.62192287052394579, 122)
(0.001, 128, 0.52025221465926708, 7)
(0.001, 256, 0.60331336955562298, 97)
(0.01, 2, 8.2189152580506981, 203)
(0.01, 4, 7.8024576968883199, 157)
(0.01, 8, 7.0813670251346981, 183)
(0.01, 16, 6.8255744169000936, 180)
(0.01, 32, 6.7224024665602862, 174)
(0.01, 64, 6.7518533622391441, 178)
(0.01, 128, 6.7519774166819975, 178)
(0.01, 256, 6.7525833240759701, 183)
(0.10000000000000001, 2, 87.217149642736359, 0)
(0.10000000000000001, 4, 74.838284485801537, 169)
(0.10000000000000001, 8, 69.324231027656367, 186)
(0.10000000000000001, 16, 69.018929774774179, 186)
(0.10000000000000001, 32, 68.964454058608865, 186)
(0.10000000000000001, 64, 68.974004358716257, 186)
(0.10000000000000001, 128, 68.973551665238048, 186)
(0.10000000000000001, 256, 68.978658638540679, 186)
(1.0, 2, 696.57171120881094, 147)
(1.0, 4, 683.85797271218439, 140)
(1.0, 8, 683.85173213803546, 140)
(1.0, 16, 683.84065284463372, 140)
(1.0, 32, 683.83188165762613, 140)
(1.0, 64, 683.82749688038939, 140)
(1.0, 128, 683.8238520030884, 140)
(1.0, 256, 683.82235424673081, 140)
(10.0, 2, 5485.0901133436455, 0)
(10.0, 4, 5485.0901353152631, 0)
(10.0, 8, 5485.0901626964023, 0)
(10.0, 16, 5485.0899062866774, 0)
(10.0, 32, 5485.0898946670122, 0)
(10.0, 64, 5485.0898756609722, 0)
(10.0, 128, 5485.0900259227647, 0)
(10.0, 256, 5485.0897099311378, 0)
(100.0, 2, 13068.0, 0)
(100.0, 4, 13068.0, 0)
(100.0, 8, 13068.0, 0)
(100.0, 16, 13068.0, 0)
(100.0, 32, 13068.0, 0)
(100.0, 64, 13068.0, 0)
(100.0, 128, 13068.0, 0)
(100.0, 256, 13068.0, 0)
(1000.0, 2, 13068.0, 0)
(1000.0, 4, 13068.0, 0)
(1000.0, 8, 13068.0, 0)
(1000.0, 16, 13068.0, 0)
(1000.0, 32, 13068.0, 0)
(1000.0, 64, 13068.0, 0)
(1000.0, 128, 13068.0, 0)
(1000.0, 256, 13068.0, 0)
(10000.0, 2, 13068.0, 0)
(10000.0, 4, 13068.0, 0)
(10000.0, 8, 13068.0, 0)
(10000.0, 16, 13068.0, 0)
(10000.0, 32, 13068.0, 0)
(10000.0, 64, 13068.0, 0)
(10000.0, 128, 13068.0, 0)
(10000.0, 256, 13068.0, 0)
(100000.0, 2, 13068.0, 0)
(100000.0, 4, 13068.0, 0)
(100000.0, 8, 13068.0, 0)
(100000.0, 16, 13068.0, 0)
(100000.0, 32, 13068.0, 0)
(100000.0, 64, 13068.0, 0)
(100000.0, 128, 13068.0, 0)
(100000.0, 256, 13068.0, 0)