('original', 1.0000000000000001e-05, 2, 0.55294117647058827)
('filtered', 1.0000000000000001e-05, 2, 0.56470588235294117)
('original', 1.0000000000000001e-05, 4, 0.56470588235294117)
('filtered', 1.0000000000000001e-05, 4, 0.55882352941176472)
('original', 1.0000000000000001e-05, 8, 0.59411764705882353)
('filtered', 1.0000000000000001e-05, 8, 0.59411764705882353)
('original', 1.0000000000000001e-05, 16, 0.52941176470588236)
('filtered', 1.0000000000000001e-05, 16, 0.52941176470588236)
('original', 1.0000000000000001e-05, 32, 0.54117647058823526)
('filtered', 1.0000000000000001e-05, 32, 0.57058823529411762)
('original', 1.0000000000000001e-05, 64, 0.59411764705882364)
('filtered', 1.0000000000000001e-05, 64, 0.65294117647058825)
('original', 1.0000000000000001e-05, 128, 0.6588235294117647)
('filtered', 1.0000000000000001e-05, 128, 0.67058823529411771)
('original', 1.0000000000000001e-05, 256, 0.58235294117647052)
('filtered', 1.0000000000000001e-05, 256, 0.64117647058823524)
('original', 1.0000000000000001e-05, 512, 0.67647058823529416)
('filtered', 1.0000000000000001e-05, 512, 0.61176470588235288)
('original', 1.0000000000000001e-05, 1024, 0.6588235294117647)
('filtered', 1.0000000000000001e-05, 1024, 0.4882352941176471)
('original', 0.0001, 2, 0.58823529411764708)
('filtered', 0.0001, 2, 0.57647058823529407)
('original', 0.0001, 4, 0.55294117647058827)
('filtered', 0.0001, 4, 0.55294117647058827)
('original', 0.0001, 8, 0.58823529411764708)
('filtered', 0.0001, 8, 0.59999999999999998)
('original', 0.0001, 16, 0.62352941176470589)
('filtered', 0.0001, 16, 0.62352941176470589)
('original', 0.0001, 32, 0.52941176470588236)
('filtered', 0.0001, 32, 0.52352941176470591)
('original', 0.0001, 64, 0.51764705882352957)
('filtered', 0.0001, 64, 0.55882352941176472)
('original', 0.0001, 128, 0.54705882352941182)
('filtered', 0.0001, 128, 0.64117647058823535)
('original', 0.0001, 256, 0.62941176470588234)
('filtered', 0.0001, 256, 0.6588235294117647)
('original', 0.0001, 512, 0.62352941176470578)
('filtered', 0.0001, 512, 0.55294117647058827)
('original', 0.0001, 1024, 0.71176470588235297)
('filtered', 0.0001, 1024, 0.57647058823529407)
('original', 0.001, 2, 0.51764705882352935)
('filtered', 0.001, 2, 0.59999999999999998)
('original', 0.001, 4, 0.55882352941176472)
('filtered', 0.001, 4, 0.55294117647058827)
('original', 0.001, 8, 0.58823529411764708)
('filtered', 0.001, 8, 0.58823529411764708)
('original', 0.001, 16, 0.54705882352941182)
('filtered', 0.001, 16, 0.54117647058823526)
('original', 0.001, 32, 0.56470588235294117)
('filtered', 0.001, 32, 0.51176470588235301)
('original', 0.001, 64, 0.61764705882352944)
('filtered', 0.001, 64, 0.68235294117647061)
('original', 0.001, 128, 0.58235294117647052)
('filtered', 0.001, 128, 0.65882352941176481)
('original', 0.001, 256, 0.61176470588235299)
('filtered', 0.001, 256, 0.67058823529411771)
('original', 0.001, 512, 0.64117647058823524)
('filtered', 0.001, 512, 0.65294117647058825)
('original', 0.001, 1024, 0.74117647058823533)
('filtered', 0.001, 1024, 0.61764705882352944)
('original', 0.01, 2, 0.62941176470588245)
('filtered', 0.01, 2, 0.61176470588235299)
('original', 0.01, 4, 0.56470588235294117)
('filtered', 0.01, 4, 0.56470588235294117)
('original', 0.01, 8, 0.59999999999999998)
('filtered', 0.01, 8, 0.59999999999999998)
('original', 0.01, 16, 0.55294117647058827)
('filtered', 0.01, 16, 0.55294117647058827)
('original', 0.01, 32, 0.59999999999999998)
('filtered', 0.01, 32, 0.59999999999999998)
('original', 0.01, 64, 0.56470588235294117)
('filtered', 0.01, 64, 0.63529411764705879)
('original', 0.01, 128, 0.56470588235294117)
('filtered', 0.01, 128, 0.6352941176470589)
('original', 0.01, 256, 0.57647058823529418)
('filtered', 0.01, 256, 0.61764705882352944)
('original', 0.01, 512, 0.59411764705882364)
('filtered', 0.01, 512, 0.62941176470588234)
('original', 0.01, 1024, 0.59411764705882353)
('filtered', 0.01, 1024, 0.53529411764705892)
('original', 0.10000000000000001, 2, 0.54117647058823526)
('filtered', 0.10000000000000001, 2, 0.58823529411764708)
('original', 0.10000000000000001, 4, 0.53529411764705881)
('filtered', 0.10000000000000001, 4, 0.59999999999999998)
('original', 0.10000000000000001, 8, 0.58823529411764697)
('filtered', 0.10000000000000001, 8, 0.60588235294117654)
('original', 0.10000000000000001, 16, 0.57058823529411762)
('filtered', 0.10000000000000001, 16, 0.57058823529411762)
('original', 0.10000000000000001, 32, 0.57058823529411762)
('filtered', 0.10000000000000001, 32, 0.58235294117647052)
('original', 0.10000000000000001, 64, 0.61764705882352944)
('filtered', 0.10000000000000001, 64, 0.61764705882352944)
('original', 0.10000000000000001, 128, 0.52352941176470591)
('filtered', 0.10000000000000001, 128, 0.52941176470588236)
('original', 0.10000000000000001, 256, 0.57058823529411762)
('filtered', 0.10000000000000001, 256, 0.58235294117647052)
('original', 0.10000000000000001, 512, 0.51764705882352935)
('filtered', 0.10000000000000001, 512, 0.6470588235294118)
('original', 0.10000000000000001, 1024, 0.49411764705882344)
('filtered', 0.10000000000000001, 1024, 0.64705882352941191)
('original', 1.0, 2, 0.5)
('filtered', 1.0, 2, 0.55294117647058827)
('original', 1.0, 4, 0.54705882352941182)
('filtered', 1.0, 4, 0.64705882352941191)
('original', 1.0, 8, 0.4882352941176471)
('filtered', 1.0, 8, 0.57647058823529407)
('original', 1.0, 16, 0.59411764705882353)
('filtered', 1.0, 16, 0.57647058823529418)
('original', 1.0, 32, 0.62941176470588234)
('filtered', 1.0, 32, 0.61176470588235288)
('original', 1.0, 64, 0.62352941176470589)
('filtered', 1.0, 64, 0.62352941176470589)
('original', 1.0, 128, 0.57058823529411773)
('filtered', 1.0, 128, 0.57058823529411773)
('original', 1.0, 256, 0.58823529411764708)
('filtered', 1.0, 256, 0.58823529411764708)
('original', 1.0, 512, 0.68235294117647061)
('filtered', 1.0, 512, 0.68235294117647061)
('original', 1.0, 1024, 0.59999999999999998)
('filtered', 1.0, 1024, 0.59999999999999987)
('original', 10.0, 2, 0.60588235294117643)
('filtered', 10.0, 2, 0.54117647058823526)
('original', 10.0, 4, 0.54117647058823537)
('filtered', 10.0, 4, 0.53529411764705881)
('original', 10.0, 8, 0.53529411764705892)
('filtered', 10.0, 8, 0.52352941176470602)
('original', 10.0, 16, 0.54705882352941171)
('filtered', 10.0, 16, 0.56470588235294117)
('original', 10.0, 32, 0.52941176470588236)
('filtered', 10.0, 32, 0.48823529411764699)
('original', 10.0, 64, 0.45294117647058824)
('filtered', 10.0, 64, 0.5235294117647058)
('original', 10.0, 128, 0.60588235294117643)
('filtered', 10.0, 128, 0.60000000000000009)
('original', 10.0, 256, 0.4882352941176471)
('filtered', 10.0, 256, 0.56470588235294117)
('original', 10.0, 512, 0.55294117647058827)
('filtered', 10.0, 512, 0.52941176470588236)
('original', 10.0, 1024, 0.60000000000000009)
('filtered', 10.0, 1024, 0.61176470588235299)
('original', 100.0, 2, 0.52352941176470591)
('filtered', 100.0, 2, 0.55882352941176472)
('original', 100.0, 4, 0.52352941176470591)
('filtered', 100.0, 4, 0.52352941176470591)
('original', 100.0, 8, 0.42941176470588233)
('filtered', 100.0, 8, 0.58823529411764697)
('original', 100.0, 16, 0.52941176470588225)
('filtered', 100.0, 16, 0.58235294117647063)
('original', 100.0, 32, 0.52352941176470591)
('filtered', 100.0, 32, 0.54705882352941182)
('original', 100.0, 64, 0.59411764705882342)
('filtered', 100.0, 64, 0.47058823529411759)
('original', 100.0, 128, 0.41176470588235292)
('filtered', 100.0, 128, 0.5)
('original', 100.0, 256, 0.57647058823529407)
('filtered', 100.0, 256, 0.44117647058823523)
('original', 100.0, 512, 0.48823529411764699)
('filtered', 100.0, 512, 0.55294117647058816)
('original', 100.0, 1024, 0.48235294117647054)
('filtered', 100.0, 1024, 0.5)
('original', 1000.0, 2, 0.57647058823529418)
('filtered', 1000.0, 2, 0.58823529411764708)
('original', 1000.0, 4, 0.48235294117647054)
('filtered', 1000.0, 4, 0.54117647058823537)
('original', 1000.0, 8, 0.55882352941176472)
('filtered', 1000.0, 8, 0.55294117647058827)
('original', 1000.0, 16, 0.42941176470588233)
('filtered', 1000.0, 16, 0.56470588235294117)
('original', 1000.0, 32, 0.45294117647058824)
('filtered', 1000.0, 32, 0.54117647058823537)
('original', 1000.0, 64, 0.47647058823529409)
('filtered', 1000.0, 64, 0.48235294117647065)
('original', 1000.0, 128, 0.48823529411764699)
('filtered', 1000.0, 128, 0.51764705882352946)
('original', 1000.0, 256, 0.42941176470588233)
('filtered', 1000.0, 256, 0.60588235294117643)
('original', 1000.0, 512, 0.50588235294117645)
('filtered', 1000.0, 512, 0.47647058823529409)
('original', 1000.0, 1024, 0.48823529411764699)
('filtered', 1000.0, 1024, 0.45882352941176469)
('original', 10000.0, 2, 0.54117647058823537)
('filtered', 10000.0, 2, 0.4882352941176471)
('original', 10000.0, 4, 0.5235294117647058)
('filtered', 10000.0, 4, 0.48235294117647054)
('original', 10000.0, 8, 0.51764705882352946)
('filtered', 10000.0, 8, 0.50588235294117645)
('original', 10000.0, 16, 0.48235294117647054)
('filtered', 10000.0, 16, 0.47647058823529409)
('original', 10000.0, 32, 0.48235294117647065)
('filtered', 10000.0, 32, 0.44117647058823523)
('original', 10000.0, 64, 0.47647058823529409)
('filtered', 10000.0, 64, 0.49411764705882355)
('original', 10000.0, 128, 0.46470588235294114)
('filtered', 10000.0, 128, 0.46470588235294119)
('original', 10000.0, 256, 0.47058823529411759)
('filtered', 10000.0, 256, 0.44705882352941179)
('original', 10000.0, 512, 0.51764705882352935)
('filtered', 10000.0, 512, 0.50588235294117645)
('original', 10000.0, 1024, 0.54705882352941182)
('filtered', 10000.0, 1024, 0.58235294117647063)
('original', 100000.0, 2, 0.51764705882352935)
('filtered', 100000.0, 2, 0.48235294117647054)
('original', 100000.0, 4, 0.57058823529411773)
('filtered', 100000.0, 4, 0.54705882352941182)
('original', 100000.0, 8, 0.54117647058823537)
('filtered', 100000.0, 8, 0.51764705882352946)
('original', 100000.0, 16, 0.49411764705882344)
('filtered', 100000.0, 16, 0.51764705882352935)
('original', 100000.0, 32, 0.53529411764705881)
('filtered', 100000.0, 32, 0.55294117647058827)
'original', 100000.0, 64, 0.57058823529411762)
('filtered', 100000.0, 64, 0.42352941176470588)
('original', 100000.0, 128, 0.56470588235294117)
('filtered', 100000.0, 128, 0.48235294117647054)
('original', 100000.0, 256, 0.49411764705882355)
('filtered', 100000.0, 256, 0.45882352941176474)
('original', 100000.0, 512, 0.45294117647058824)
('filtered', 100000.0, 512, 0.48823529411764699)
('original', 100000.0, 1024, 0.52352941176470591)
('filtered', 100000.0, 1024, 0.50588235294117645)